2 0
3 0
4 0
8 0
6 0
10 0
11 0
21 0
42 0
43 0
55 0
56 0
57 0
58 0
59 0
94 0
150 0
162 0
163 0
164 0
165 2
166 0
167 0
298 0
299 0
300 1
301 0
302 0
330 1
427 0
428 1
509 5
510 1
511 0
512 0
513 0
514 0
515 0
516 1
517 0
720 0
721 0
722 1
739 1
740 0
741 1
742 0
743 1
744 1
745 1
752 1
842 1
843 0
844 1
845 1
1537 1
1538 1
1539 1
1540 1
1541 1
1567 0
1914 1
1915 1
1916 2
1917 1
1918 1
1919 2
1920 1
1921 1
1922 1
1923 1
1924 1
1925 1
1926 1
1927 3
2196 1
2197 1
2661 2
2662 1
2663 1
2664 2
2665 5
3239 3
3240 1
3241 5
3242 2
3526 1
3527 2
3528 2
3529 8
3530 2
3531 1
3532 3
3533 2
3534 2
3617 2
3618 7
3619 2
3620 5
3621 2
3622 2
5090 9
5091 2
5092 3
5093 7
5094 1
5095 3
5096 5
5097 3
5098 3
5099 4
5100 3
6245 4
6246 3
6247 3
6248 3
6249 3
6250 4
6251 3
6252 3
6442 4
6443 3
6444 13
6445 4
6446 3
6447 9
6448 5
6449 4
6450 5
6451 2
6452 4
6453 3
6454 6
6974 2
6975 4
6976 4
6977 4
6978 3
6979 4
6980 4
8870 4
8871 4
8872 6
8873 2
8874 4
8875 5
8876 5
8877 4
8878 4
8879 3
8880 8
8916 9
8917 6
11163 6
11164 5
11165 6
11703 11
11704 8
11705 9
11706 9
11707 6
11708 9
11709 6
11710 9
11711 10
11712 9
11713 6
11714 11
11715 6
11716 7
11717 8
11718 8
13809 14
14766 12
14767 12
14768 10
14769 11
14770 7
15501 12
15502 8
15782 12
15783 9
15784 11
15785 7
15786 10
15787 14
15788 10
15789 10
17649 15
17650 6
17651 12
17652 11
17653 8
17654 11
17655 14
17656 11
17657 21
17658 10
17659 12
17660 14
17661 8
17662 12
17663 10
17664 11
17665 11
17666 8
17667 12
17668 9
17669 9
17670 8
17671 8
17672 9
17673 14
17674 8
17675 8
17676 8
17677 10
17678 14
17679 10
17680 17
17681 13
18801 13
18802 16
23400 14
23401 10
23402 11
23403 13
23404 12
24466 6
24467 11
24468 12
24469 13
24470 13
24471 18
24472 18
24473 15
24474 13
24475 13
24476 66
24477 18
24478 11
24479 24
24480 16
24481 18
29955 15
29956 13
29957 16
29958 23
29959 18
29960 24
29961 16
29962 14
29963 14
29964 18
29965 15
29966 15
29967 17
31681 14
31682 17
32117 17
32118 17
32119 21
32120 45
32121 17
32122 17
32256 18
32257 18
32258 20
32259 16
32260 15
32261 17
32262 14
32263 16
32264 15
32265 15
32266 17
32267 14
32268 15
32269 14
32270 25
32271 19
32272 15
32273 22
32274 23
32275 19
32276 20
32277 18
32278 20
32279 17
32280 18
32281 18
32282 16
32283 43
32284 25
32285 17
32286 18
32287 54
32288 16
32289 32
32290 30
32291 18
32292 21
32293 22
32294 19
32295 18
32296 18
32297 17
32298 15
32299 26
32300 16
32301 16
32302 17
32303 16
32304 22
32305 19
32306 17
32307 23
32308 15
32309 26
32310 21
32311 16
32312 15
32313 23
32314 61
32315 81
32316 30
32317 21
32318 26
32319 27
32320 29
32321 28
32322 23
32323 15
32324 15
32325 15
32326 38
32327 16
32328 15
32329 12
32330 11
32331 10
32332 16
32333 14
32334 10
32335 12
32336 15
32337 33
32338 16
32339 18
32340 15
32341 14
32342 15
32343 35
32344 17
32345 15
32346 15
32347 21
32348 14
32349 15
32350 14
32351 19
32352 15
32353 14
32354 15
32355 15
32356 19
32357 16
32358 10
32359 11
32360 15
32361 28
32362 15
32363 16
32364 11
32365 18
32366 15
32367 13
32368 11
32369 16
32370 12
32371 15
32372 22
32373 16
32374 17
32375 15
32376 15
32377 19
32378 14
32379 20
32380 29
32381 13
32382 13
32383 19
32384 15
32385 22
32386 15
32387 19
32388 14
32389 15
32390 16
32391 17
32392 17
32393 14
32394 15
32395 8
32396 18
32397 16
32398 11
32399 16
32400 16
32401 21
32402 21
32403 16
32404 20
32405 15
32406 15
32407 21
32408 16
32409 15
32410 26
32411 15
32412 19
32413 20
32414 18
32415 16
32416 18
32417 16
32418 15
32419 16
32420 14
32421 15
32422 15
32423 15
32424 10
32425 17
32426 15
32427 17
32428 19
32429 23
32430 16
32431 15
32432 15
32433 22
32434 11
32435 15
32436 20
32437 21
32438 16
32439 10
32440 20
32441 17
32442 16
32443 24
32444 35
32445 16
32446 18
32447 17
32448 15
32449 12
32450 16
32451 13
32452 11
32453 15
32454 15
32455 16
32456 18
32457 11
32458 21
32459 17
32460 20
32461 17
32462 22
32463 15
32464 9
32465 12
32466 18
32467 16
32468 15
32469 16
32470 17
32471 12
32472 10
32473 19
32474 16
32475 19
32476 16
32477 18
32478 20
32479 11
32480 16
32481 15
32482 12
32506 17
32507 21
32508 16
32509 13
32510 17
32511 20
32512 17
32513 16
32514 16
32515 20
32516 19
32517 15
32518 16
32519 16
32520 17
32521 14
32522 20
32523 16
32524 15
32525 11
32526 15
32527 19
32528 17
32529 21
32530 18
32531 12
32532 30
32533 18
32534 17
32535 15
32536 16
32537 16
32538 13
32539 16
32540 17
32541 30
32542 18
32543 24
32544 18
32545 24
32546 15
32547 16
32548 18
32549 18
32550 18
32551 10
32552 12
32699 19
32700 26
32701 17
32702 22
32703 18
32704 28
32705 16
32706 18
32707 21
32708 18
32709 26
32710 18
32711 19
32712 16
32713 16
32714 16
32715 17
32716 18
32717 22
32718 21
32719 15
32720 55
32721 15
32722 18
32723 19
32724 19
32725 35
32726 16
32727 19
32728 33
32729 17
32730 29
32731 20
32732 15
32733 16
32734 18
32735 28
32736 13
32737 19
32738 18
32739 20
32740 20
32741 16
32742 15
32743 15
32744 20
32745 16
32746 12
32747 17
32748 28
32749 21
32750 20
32751 22
32752 102
32753 25
32754 17
32755 21
32756 16
32757 16
32758 16
32759 19
32760 18
32761 15
32762 16
32763 19
32764 21
32765 16
33170 10
33171 10
33172 16
33173 14
33174 19
33175 20
33176 13
33177 16
33178 11
33179 16
33180 15
33181 18
33182 12
33183 15
33184 26
33185 25
33186 16
33187 17
33188 18
33189 15
33190 24
33191 18
33192 18
33193 17
33194 14
33195 9
33196 18
33197 19
33198 16
33199 19
33200 20
33201 17
33202 15
33203 17
33204 16
33205 19
33206 13
33207 15
33208 17
33209 12
33210 17
33211 13
33212 17
33213 17
33214 11
33215 9
33216 12
33217 18
33218 18
33219 16
33220 26
33221 19
33222 17
33223 16
33224 14
33225 11
33226 10
33227 17
33228 17
33229 21
33230 17
33231 20
33232 11
33233 11
33234 14
33235 17
33236 16
33237 19
33238 17
33239 12
33240 17
33241 16
33242 14
33243 18
33244 20
33245 18
33246 17
33247 12
33248 15
33249 17
33250 18
33251 10
33252 17
33253 18
33254 10
33255 9
33256 10
33257 15
33258 15
33259 17
33260 18
33261 17
33262 10
33263 11
33264 17
33265 18
33266 19
33267 10
33268 21
33269 16
33270 11
33271 18
33272 16
33273 17
33274 17
33275 15
33276 12
33277 17
33278 16
33279 18
33280 17
33281 20
33282 19
33283 17
33284 18
33285 17
33286 17
33287 18
33288 17
33289 17
33290 18
33291 18
33292 18
33293 15
33294 17
33295 22
33296 18
33297 24
33298 13
33299 16
33300 14
33301 10
33302 14
33303 11
33304 13
33305 17
33306 16
33307 20
33308 18
33309 17
33310 14
33311 10
33312 18
33313 10
33314 18
33315 17
33316 18
33317 15
33318 18
33319 16
33320 17
33321 10
33322 18
33323 14
33324 20
33325 17
33326 12
33327 18
33328 20
33329 10
33330 11
33331 15
33332 14
33333 17
33334 17
33335 16
33336 10
33337 10
33338 19
33339 21
33340 29
33341 20
33342 24
33343 20
33344 18
33345 19
33346 20
33347 18
33348 21
33349 18
33350 18
33351 11
33352 18
33353 20
33354 13
33355 18
33356 16
33357 13
33358 27
33359 13
33360 14
33361 19
33362 18
33363 20
33364 18
33365 18
33366 23
33367 22
33368 20
33369 18
33370 19
33371 20
33372 18
33373 18
33374 18
33375 19
33376 20
33377 21
33378 19
33379 19
33380 24
33381 27
33382 18
33383 18
33384 24
33385 18
33386 18
33387 14
33388 18
33389 17
33390 12
33391 20
33392 11
33393 18
33394 19
33395 20
33396 10
33397 17
33398 24
33399 18
33400 13
33401 21
33402 17
33403 19
33404 11
33405 19
33406 18
33407 11
33408 11
33409 11
33410 11
33411 11
33412 15
33413 20
33414 18
33415 18
33416 21
33417 18
33418 19
33547 18
33548 16
33549 10
33550 17
33551 21
33552 16
33553 11
33554 19
33555 16
33556 21
33557 14
33558 28
33559 18
33560 18
33561 18
33562 17
33563 25
33564 29
33565 19
33603 26
33604 26
33605 22
33606 18
33607 20
33608 22
33609 20
33610 20
33611 18
33612 24
33613 18
33614 19
33615 34
33616 16
33617 19
33618 86
33619 19
33639 18
33640 23
33641 17
33642 21
33643 19
33644 18
33645 22
33646 19
33647 14
33648 25
33649 14
33650 25
33651 13
33652 19
33653 25
33654 19
33655 27
33656 19
33657 17
33658 27
33659 21
33660 28
33661 25
33662 24
33663 26
33664 17
33665 19
33666 19
33667 38
33668 22
33669 25
33670 25
33671 27
33672 24
33673 18
33674 17
33675 19
33676 19
33677 14
33678 47
33679 19
33680 22
33681 21
33682 20
33683 20
33684 48
33685 29
33686 27
33687 27
33688 22
33689 22
33690 24
33691 42
33692 23
33693 20
33694 28
33695 24
33696 16
33697 15
33698 27
33699 20
33700 32
33701 17
33702 22
33703 13
33704 23
33705 16
33706 30
33707 11
33708 24
33709 23
33710 24
33711 23
33712 57
33713 21
33714 27
33715 33
33716 24
33717 24
33718 22
33719 23
33720 21
33721 31
33722 28
33723 23
33724 35
33725 22
33726 19
33727 20
33728 22
33729 102
33730 69
33731 22
33732 22
33733 23
33734 36
33735 19
33736 20
33737 22
33738 22
33739 27
33740 25
33741 29
33742 31
33743 23
33744 26
33745 24
33746 20
33747 31
