2 0
3 0
4 0
8 0
10 0
16 0
17 0
19 0
41 0
42 0
43 0
74 0
75 0
76 0
90 1
91 0
110 0
111 0
112 0
205 0
206 1
207 0
208 0
209 0
297 0
349 0
350 0
370 1
371 0
440 0
441 0
496 0
497 0
498 0
499 0
543 0
644 0
734 0
735 0
736 1
737 0
738 0
828 0
829 0
830 0
831 1
832 0
1041 0
1042 0
1043 1
1203 1
1204 0
1205 1
1206 1
1358 0
1359 1
1360 1
1361 1
1402 1
1403 0
1827 1
1828 1
1931 1
1933 1
1934 1
1935 1
1936 1
1937 1
1938 1
1939 1
1940 1
1941 1
1942 1
1943 1
2825 3
2826 2
2827 1
2828 4
2829 1
2830 2
3016 1
3017 1
3018 2
3019 2
3020 2
3021 0
3364 2
3365 1
3366 2
3367 2
3368 1
3369 1
3464 2
3465 4
3930 3
3931 2
4083 2
4084 2
4085 2
4086 2
4087 2
4088 1
4089 3
4090 2
4091 3
4092 1
4908 3
4909 1
5929 3
5930 2
5931 3
5932 3
6241 4
6242 3
6243 4
6244 1
6245 3
6246 3
6247 3
6248 4
6249 2
6250 1
6251 2
6876 2
6877 4
7971 3
7972 5
7973 2
7974 2
8086 4
8087 2
8088 3
8089 3
8090 3
8091 4
8092 2
8093 3
8094 3
9504 4
9505 3
9506 2
9507 5
10056 3
10057 5
10058 6
10059 3
10060 2
10061 5
10062 3
10063 6
10064 4
10065 3
10066 3
10067 3
10068 3
10069 4
10070 3
10071 5
10072 3
10160 3
11007 6
11008 4
11009 3
11010 8
11011 6
11012 5
11013 6
11014 4
11015 3
11016 5
11017 4
13516 4
13517 4
13518 3
13519 6
13520 5
13521 4
13522 5
13839 4
13840 4
14494 7
14495 4
14496 4
14497 4
14498 7
14499 13
15588 11
16696 7
16697 9
16698 5
16699 5
16700 7
16701 5
16702 5
16703 5
16704 5
16705 9
16855 4
16856 6
16857 4
16858 5
16859 4
16860 16
16861 9
16862 15
16863 10
16864 9
17409 11
21480 12
21481 11
21482 16
21483 12
21484 8
21485 6
21486 7
21487 6
21488 9
21489 6
21490 7
21491 6
21492 6
21493 7
24364 7
24365 8
24366 7
24367 7
24368 7
24369 7
24370 6
24371 12
24390 8
24391 7
24392 7
24393 6
24394 9
24395 6
24396 8
24397 7
24398 7
24399 10
24400 7
26634 7
26635 10
26636 8
26637 7
26638 8
26639 7
26640 7
26641 7
26642 9
26643 8
26644 8
26645 8
26646 10
26647 8
26648 7
31437 8
31438 8
31439 9
31440 9
31441 8
31442 49
31443 9
31444 12
31445 8
31446 13
31447 12
32163 11
32164 9
32165 11
32166 12
32167 9
32168 15
32169 12
32170 10
32171 9
32172 10
32173 9
32174 9
32175 8
32176 12
32177 9
32178 9
32179 15
32180 8
32181 9
32182 11
32183 12
32184 9
32185 16
32186 11
32187 9
32188 9
32189 10
32190 9
32191 12
32192 9
32193 9
32194 10
32195 8
32196 8
32197 9
32198 9
32199 9
32200 14
32201 13
32202 9
32203 11
32204 9
32205 9
32206 8
32207 8
32208 9
32209 10
32210 10
32211 12
32212 9
32213 11
32605 9
32606 13
32607 10
32608 11
32609 10
32610 14
32611 15
32612 11
32613 9
32614 11
32615 9
32616 13
32617 9
32826 12
32827 13
32828 18
32829 9
32830 13
32831 10
32832 9
32833 11
32834 11
32835 22
32836 10
32837 14
32838 10
32839 10
32840 10
32841 11
32842 17
32843 9
32844 10
32845 9
32846 14
32847 9
32848 9
32849 10
32850 9
32851 13
32852 11
32853 15
32854 9
32855 9
32856 9
32857 14
32858 14
32859 16
32860 9
32861 9
32862 10
32863 12
32864 10
32865 12
32866 13
32867 9
32868 14
32869 9
32870 21
32871 11
32872 9
32873 14
32874 9
32875 10
32876 9
32877 14
32878 10
32879 11
32880 9
32881 10
32882 11
32883 9
32884 9
32885 9
32886 10
32887 10
32888 17
32889 10
32890 9
32891 13
32892 10
32893 9
32894 13
32895 10
32896 10
32897 16
32898 11
32899 10
32900 11
32901 13
32902 11
32903 12
32904 13
32905 13
32906 10
32907 11
32908 15
32909 16
32910 10
32911 10
32912 18
32913 13
32914 9
32915 11
32916 10
32917 9
32918 13
32919 13
32920 12
32921 12
32922 12
32923 9
32924 16
32925 10
32926 10
32927 10
32928 13
32929 11
32930 12
32931 11
32932 10
32933 15
32934 10
32935 9
32936 9
32937 16
32938 10
32939 10
32940 16
32941 12
32942 17
32943 9
32944 10
32945 17
32946 17
32947 10
32948 9
32949 14
32950 10
32951 9
32952 13
32953 11
32954 9
32955 12
32956 10
32957 12
32958 10
32959 13
32960 10
32961 10
32962 17
32963 15
32964 11
32965 12
32966 11
32967 9
32968 13
32969 16
32970 10
32971 9
32972 10
32973 9
32974 10
32975 10
32976 10
32977 12
32978 10
32979 14
32980 10
32981 9
32982 9
32983 16
32984 10
32985 10
32986 11
32987 10
32988 10
32989 10
32990 9
32991 10
32992 9
32993 10
32994 10
32995 10
32996 9
32997 9
32998 10
32999 10
33000 9
33001 14
33002 10
33003 9
33004 10
33005 9
33006 11
33007 9
33008 9
33009 9
33210 8
33211 10
33212 9
33213 10
33214 9
33215 9
33216 9
33217 10
33218 9
33219 9
33220 9
33221 9
33222 9
33223 10
33224 10
33225 11
33226 9
33227 10
33228 9
33229 10
33230 9
33231 9
33232 10
33233 9
33234 9
33235 9
33236 9
33237 9
33238 9
33239 9
33240 9
33241 11
33242 9
33243 9
33244 9
33245 9
33246 9
33247 10
33248 9
33249 9
33250 9
33251 9
33252 9
33253 10
33254 9
33255 10
33256 13
33257 10
33258 9
33259 11
33260 9
33261 14
33262 10
33263 10
33264 9
33265 10
33266 10
33267 9
33268 10
33269 9
33270 9
33271 10
33272 10
33273 10
33274 9
33275 10
33276 10
33277 10
33278 9
33279 10
33280 10
33281 10
33282 10
33283 9
33284 10
33285 10
33286 10
33287 10
33288 10
33289 11
33290 9
33291 11
33292 9
33293 10
33294 10
33295 10
33296 10
33297 10
33298 10
33299 10
33300 10
33301 10
33302 10
33303 10
33304 10
33305 10
33306 10
33307 9
33308 9
33309 11
33310 9
33311 10
33312 9
33313 9
33314 10
33315 11
33316 10
33317 9
33318 9
33319 10
33320 10
33321 10
33322 10
33323 12
33324 10
33325 10
33326 11
33327 11
33328 10
33329 10
33330 9
33331 10
33332 9
33333 9
33334 10
33335 11
33336 10
33337 10
33338 9
33339 12
33340 10
33341 9
33342 10
33343 10
33344 10
33345 11
33346 10
33347 10
33348 10
33349 10
33350 10
33351 10
33355 10
33356 10
33357 10
33358 9
33359 11
33360 9
33361 10
33362 10
33363 9
33364 10
33365 10
33366 19
33367 10
33368 11
33369 10
33370 10
33371 10
33372 9
33373 10
33374 10
33375 10
33376 10
33377 10
33378 10
33379 10
33380 10
33381 10
33382 10
33383 10
33384 10
33385 10
33386 10
33387 10
33388 10
33389 10
33390 10
33391 13
33392 11
33393 10
33394 10
33395 10
33396 10
33397 10
33398 10
33399 10
33400 10
33401 10
33402 10
33403 11
33404 9
33405 10
33406 11
33407 10
33408 10
33409 9
33410 10
33411 10
33412 10
33413 10
33414 9
33415 10
33416 9
33417 10
33418 10
33419 10
33420 11
33421 10
33422 10
33423 10
33424 10
33425 10
33426 10
33427 10
33428 10
33429 11
33430 10
33431 11
33432 11
33433 10
33434 10
33435 11
33436 11
33437 10
33438 10
33439 10
33440 10
33441 10
33442 10
33443 10
33444 12
33445 13
33446 11
33447 10
33448 11
33449 10
33450 11
33451 11
33452 10
33453 10
33454 10
33455 11
33456 10
33457 10
33458 10
33459 10
33460 10
33461 10
33462 10
33463 10
33464 10
33465 10
33466 11
33467 10
33468 20
33469 10
33470 12
33471 10
33472 11
33473 10
33474 11
33475 10
33476 11
33477 11
33478 10
33479 10
33480 10
33481 10
33482 11
33483 12
33484 11
33485 11
33486 11
33487 10
33488 10
33489 10
33490 10
33491 10
33492 10
33493 10
33494 10
33495 10
33496 10
33497 10
33498 11
33499 11
33500 12
33501 10
33502 11
33503 11
33504 10
33505 12
33506 10
33507 10
33508 11
33509 10
33510 10
33511 11
33512 10
33513 11
33514 10
33515 10
33516 10
33517 10
33518 10
33519 10
33520 11
33521 11
33522 10
33523 10
33524 10
33525 10
33526 10
33527 11
33528 11
33529 20
33530 19
33531 11
33532 10
33533 10
33534 11
33535 11
33536 11
33537 10
33538 10
33539 10
33540 11
33541 11
33542 12
33543 10
33544 10
33545 10
33546 11
33547 11
33548 10
33549 10
33550 11
33551 10
33552 10
33553 10
33554 11
33555 10
33556 11
33557 16
33558 11
33559 11
33560 11
33561 11
33562 10
33563 10
33564 11
33565 11
33566 11
33567 11
33568 12
33569 10
33570 10
33571 11
33572 11
33573 11
33574 10
33575 10
33576 11
33577 10
33578 11
33579 11
33580 11
33581 11
33582 11
33583 11
33584 11
33585 10
33586 11
33587 11
33588 10
33589 15
33590 11
33591 10
33592 11
33593 11
33594 10
33595 11
33596 10
33597 12
33598 11
33599 12
33600 11
33601 10
33602 11
33603 11
33604 11
33605 12
33606 14
33607 11
33608 11
33609 10
33610 10
33611 10
33612 12
33613 11
33614 13
33615 10
33616 11
33617 11
33618 11
33619 11
33620 23
33621 10
33622 11
33623 11
33624 11
33625 10
33626 10
33627 11
33628 12
33629 10
33630 10
33631 10
33632 10
33633 11
33634 11
33635 12
33636 11
33637 11
33638 11
33639 11
33640 11
33641 10
33642 11
33643 11
33644 10
33645 13
33646 11
33647 11
33648 11
33649 11
33650 11
33651 11
33652 10
33653 11
33654 10
33655 11
33656 11
33657 11
33658 18
33659 10
33660 11
33661 11
33662 11
33663 13
33664 11
33665 11
33666 11
33667 13
33668 11
33669 11
33670 11
33671 11
33672 11
33673 11
33674 12
33675 11
33676 12
33677 10
33678 11
33679 11
33680 12
33681 10
33682 12
33683 11
33684 11
33685 11
33686 11
33687 12
33688 11
33689 11
33690 11
33691 12
33692 11
33693 11
33694 11
33695 11
33696 11
33697 11
